Update	updat	Update
3	3	3
:	:	:
Tokyo	tokyo	Tokyo
Stocks	stock	Stocks
Edge	edg	Edge
Lower,	lower,	Lower,
Dollar	dollar	Dollar
Higher	higher	Higher
.	.	.

Tokyo	tokyo	Tokyo
stocks	stock	stock
slid	slid	slid
for	for	for
a	a	a
seventh	seventh	seventh
straight	straight	straight
session	session	session
Monday	monday	Monday
to	to	to
a	a	a
five	five	five
-	-	-
and	and	and
-	-	-
a	a	a
-	-	-
half	half	half
week	week	week
low	low	low
due	due	due
to	to	to
concerns	concern	concern
about	about	about
rising	rise	rising
oil	oil	oil
prices	price	price
.	.	.

The	the	The
US	us	US
dollar	dollar	dollar
was	was	wa
higher	higher	higher
against	against	against
the	the	the
Japanese	japanes	Japanese
yen	yen	yen
.	.	.

