Battle	battl	Battle
engaged	engag	engaged
over	over	over
new	new	new
OT	ot	OT
rules	rule	rule
.	.	.

Controversial	controversi	Controversial
new	new	new
rules	rule	rule
regarding	regard	regarding
overtime	overtim	overtime
pay	pay	pay
went	went	went
into	into	into
effect	effect	effect
Monday,	monday,	Monday,
with	with	with
the	the	the
Bush	bush	Bush
administration	administr	administration
and	and	and
labor	labor	labor
advocates	advoc	advocate
squabbling	squabbl	squabbling
over	over	over
how	how	how
many	mani	many
US	us	US
workers	worker	worker
are	are	are
affected	affect	affected
.	.	.

