Poker	poker	Poker
Proves	prove	Proves
a	a	a
Hot	hot	Hot
Hand	hand	Hand
For	for	For
Gaming	game	Gaming
Industry	industri	Industry
.	.	.

Card	card	Card
game's	game	game's
popularity	popular	popularity
is	is	is
fanned	fan	fanned
by	by	by
a	a	a
combination	combin	combination
of	of	of
television,	television,	television,
technology	technolog	technology
and,	and,	and,
for	for	for
some,	some,	some,
the	the	the
allure	allur	allure
of	of	of
big	big	big
money	money	money
.	.	.

&lt	&lt	&lt
;	;	;
FONT	font	FONT
face="verdana,MS	face="verdana,m	face="verdana,MS
Sans	san	Sans
Serif,arial,helvetica"	serif,arial,helvetica"	Serif,arial,helvetica"
size="	size="	size="
-	-	-
2"	2"	2"
color="#666666"&gt	color="#666666"&gt	color="#666666"&gt
;	;	;
&lt	&lt	&lt
;	;	;
B&gt	b&gt	B&gt
;-	;-	;-
The	the	The
Washington	washington	Washington
Post&lt	post&lt	Post&lt
;	;	;
/B&gt	/b&gt	/B&gt
;	;	;
&lt	&lt	&lt
;	;	;
/FONT&gt	/font&gt	/FONT&gt
;	;	;

