A	a	A
More	more	More
Conservative	conserv	Conservative
Intel	intel	Intel
Doesn	doesn	Doesn
#39	#39	#39
;	;	;
t	t	t
Add	add	Add
Many	mani	Many
Details	detail	Details
On	on	On
&lt	&lt	&lt
;	;	;
b&gt	b&gt	b&gt
;..	;..	;..
.	.	.
&lt	&lt	&lt
;	;	;
/b&gt	/b&gt	/b&gt
;.	;.	;.

Burned	burn	Burned
by	by	by
a	a	a
series	seri	series
of	of	of
production	product	production
missteps	misstep	misstep
and	and	and
canceled	cancel	canceled
products,	products,	products,
the	the	the
company	compani	company
lets	let	let
AMD	amd	AMD
get	get	get
out	out	out
in	in	in
front	front	front
on	on	on
multicore	multicor	multicore
product	product	product
announcements	announc	announcement
.	.	.

