Google	googl	Google
Ad	ad	Ad
Policies	polici	Policies
To	to	To
Be	be	Be
Expanded	expand	Expanded
Publicly	public	Publicly
.	.	.

Google's	googl	Google's
planning	plan	planning
to	to	to
greatly	great	greatly
expand	expand	expand
the	the	the
editorial	editori	editorial
guidelines	guidelin	guideline
it	it	it
publishes	publish	publishes
online,	online,	online,
providing	provid	providing
everyone	everyon	everyone
a	a	a
better	better	better
idea	idea	idea
of	of	of
what	what	what
it	it	it
accepts	accept	accepts
on	on	on
the	the	the
advertising	advertis	advertising
front	front	front
.	.	.

