&lt	&lt	&lt
;	;	;
cite&gt	cite&gt	cite&gt
;	;	;
Reg&lt	reg&lt	Reg&lt
;	;	;
/cite&gt	/cite&gt	/cite&gt
;	;	;
hack	hack	hack
in	in	in
daring	dare	daring
Gambia	gambia	Gambia
charity	chariti	charity
dash	dash	dash
.	.	.

Tackles	tackl	Tackles
Plymouth	plymouth	Plymouth
-	-	-
Banjul	banjul	Banjul
rally	ralli	rally
in	in	in
20 	20 	20 
Citroen	citroen	Citroen

