After	after	After
Musical	music	Musical
Chairs,	chairs,	Chairs,
Jets'	jet	Jets'
Conductor	conductor	Conductor
Is	is	Is
Back	back	Back
.	.	.

Order	order	Order
was	was	wa
restored	restor	restored
to	to	to
the	the	the
Jets'	jet	Jets'
quarterbacking	quarterback	quarterbacking
universe	univers	universe
on	on	on
Wednesday	wednesday	Wednesday
when	when	when
Chad	chad	Chad
Pennington	pennington	Pennington
returned	return	returned
to	to	to
practice	practic	practice
with	with	with
the	the	the
first	first	first
team	team	team
.	.	.

