Ravens	raven	Ravens
Beat	beat	Beat
Jets	jet	Jets
in	in	in
Overtime	overtim	Overtime
.	.	.

East	east	East
Rutherford,	rutherford,	Rutherford,
NJ	nj	NJ
(WJZ/AP)	(wjz/ap)	(WJZ/AP)
Ed	ed	Ed
Reed	reed	Reed
made	made	made
another	anoth	another
big	big	big
play	play	play
when	when	when
he	he	he
had	had	had
to,	to,	to,
though	though	though
he	he	he
should	should	should
probably	probabl	probably
send	send	send
a	a	a
thank	thank	thank
-	-	-
you	you	you
note	note	note
to	to	to
LaMont	lamont	LaMont
Jordan	jordan	Jordan
.	.	.

